C       -2.21333   0.36913  -0.33725
H       -2.57342   1.02821  -1.12448
C       -2.73594  -1.00141  -0.2795
H       -2.71203  -1.5372    0.66604
H       -3.48244  -1.32124  -0.99948
O       -1.43329  -0.74015  -0.84777
C       -1.65602   1.04842   0.8822
H       -2.45788   1.59507   1.38871
H       -1.2797    0.27523   1.56916
O       -0.66088   1.99642   0.55171
H        0.01967   1.53016   0.03785
C        2.21333  -0.36914  -0.33725
H        2.5734   -1.02822  -1.12448
C        2.73595   1.00139  -0.2795
H        3.48246   1.32122  -0.99948
H        2.71206   1.53719   0.66605
O        1.4333    0.74016  -0.84776
C        1.65601  -1.04842   0.8822
H        2.45787  -1.59508   1.38871
H        1.2797   -0.27523   1.56917
O        0.66086  -1.99642   0.55172
H       -0.01968  -1.53015   0.03785
